Timestamp, Amps
2021-02-22 12:08:58.410521,2.659e-05
2021-02-22 12:08:58.411098,3.626e-05
2021-02-22 12:08:58.411588,3.949e-05
2021-02-22 12:08:58.412006,4.392e-05
2021-02-22 12:08:58.412436,3.949e-05
2021-02-22 12:08:58.412718,3.022e-05
2021-02-22 12:08:58.413000,2.901e-05
2021-02-22 12:08:58.413251,2.901e-05
2021-02-22 12:08:58.413499,2.7e-05
2021-02-22 12:08:58.413742,2.458e-05
2021-02-22 12:08:58.414354,2.377e-05
2021-02-22 12:08:58.414681,2.982e-05
2021-02-22 12:08:58.414895,3.223e-05
2021-02-22 12:08:58.415414,2.901e-05
2021-02-22 12:08:58.415779,2.861e-05
2021-02-22 12:08:58.416037,2.821e-05
2021-02-22 12:08:58.416561,3.183e-05
2021-02-22 12:08:58.416849,3.062e-05
2021-02-22 12:08:58.417328,2.982e-05
2021-02-22 12:08:58.417609,3.143e-05
2021-02-22 12:08:58.417932,3.264e-05
2021-02-22 12:08:58.418476,3.103e-05
2021-02-22 12:08:58.418766,2.941e-05
2021-02-22 12:08:58.419393,2.941e-05
2021-02-22 12:08:58.419754,2.901e-05
2021-02-22 12:08:58.420023,3.022e-05
2021-02-22 12:08:58.420528,2.982e-05
2021-02-22 12:08:58.420854,2.941e-05
2021-02-22 12:08:58.421329,2.78e-05
2021-02-22 12:08:58.421782,2.74e-05
2021-02-22 12:08:58.422524,2.458e-05
2021-02-22 12:08:58.422875,2.538e-05
2021-02-22 12:08:58.423068,2.377e-05
2021-02-22 12:08:58.423333,2.74e-05
2021-02-22 12:08:58.423578,3.143e-05
2021-02-22 12:08:58.423899,3.304e-05
2021-02-22 12:08:58.424474,2.941e-05
2021-02-22 12:08:58.424862,2.901e-05
2021-02-22 12:08:58.425378,3.062e-05
2021-02-22 12:08:58.425774,3.223e-05
2021-02-22 12:08:58.426050,3.143e-05
2021-02-22 12:08:58.426314,2.901e-05
2021-02-22 12:08:58.426645,3.022e-05
2021-02-22 12:08:58.427454,3.103e-05
2021-02-22 12:08:58.427944,3.143e-05
2021-02-22 12:08:58.428519,2.982e-05
2021-02-22 12:08:58.429022,2.498e-05
2021-02-22 12:08:58.429362,2.982e-05
2021-02-22 12:08:58.429678,2.861e-05
2021-02-22 12:08:58.429909,2.901e-05
2021-02-22 12:08:58.430217,2.861e-05
2021-02-22 12:08:58.430690,2.861e-05
2021-02-22 12:08:58.431209,3.264e-05
2021-02-22 12:08:58.431598,3.183e-05
2021-02-22 12:08:58.431981,3.505e-05
2021-02-22 12:08:58.432427,3.465e-05
2021-02-22 12:08:58.432774,3.183e-05
2021-02-22 12:08:58.433202,3.022e-05
2021-02-22 12:08:58.433432,2.659e-05
2021-02-22 12:08:58.433893,2.538e-05
2021-02-22 12:08:58.434432,2.538e-05
2021-02-22 12:08:58.435092,2.7e-05
2021-02-22 12:08:58.435550,2.941e-05
2021-02-22 12:08:58.435795,2.982e-05
2021-02-22 12:08:58.436011,3.183e-05
2021-02-22 12:08:58.436272,3.385e-05
2021-02-22 12:08:58.436470,3.465e-05
2021-02-22 12:08:58.436743,3.143e-05
2021-02-22 12:08:58.437096,2.982e-05
2021-02-22 12:08:58.437675,2.861e-05
2021-02-22 12:08:58.437981,2.941e-05
2021-02-22 12:08:58.438290,2.861e-05
2021-02-22 12:08:58.438616,3.022e-05
2021-02-22 12:08:58.439024,2.74e-05
2021-02-22 12:08:58.439483,2.901e-05
2021-02-22 12:08:58.439783,2.821e-05
2021-02-22 12:08:58.440136,3.223e-05
2021-02-22 12:08:58.440543,3.143e-05
2021-02-22 12:08:58.441063,2.7e-05
2021-02-22 12:08:58.441449,2.498e-05
2021-02-22 12:08:58.441828,2.538e-05
2021-02-22 12:08:58.442250,3.022e-05
2021-02-22 12:08:58.442620,3.264e-05
2021-02-22 12:08:58.442983,3.586e-05
2021-02-22 12:08:58.443280,3.022e-05
2021-02-22 12:08:58.443781,2.982e-05
2021-02-22 12:08:58.444130,3.062e-05
2021-02-22 12:08:58.444344,2.901e-05
2021-02-22 12:08:58.444813,3.022e-05
2021-02-22 12:08:58.445258,2.901e-05
2021-02-22 12:08:58.445603,2.7e-05
2021-02-22 12:08:58.445861,2.619e-05
2021-02-22 12:08:58.446370,2.821e-05
2021-02-22 12:08:58.446799,2.78e-05
2021-02-22 12:08:58.447115,2.74e-05
2021-02-22 12:08:58.447318,2.74e-05
2021-02-22 12:08:58.447745,3.103e-05
2021-02-22 12:08:58.448250,3.304e-05
2021-02-22 12:08:58.448615,3.143e-05
2021-02-22 12:08:58.448861,2.538e-05
2021-02-22 12:08:58.449252,3.022e-05
2021-02-22 12:08:58.449799,2.901e-05
2021-02-22 12:08:58.450040,3.062e-05
2021-02-22 12:08:58.450412,3.183e-05
2021-02-22 12:08:58.450852,3.062e-05
2021-02-22 12:08:58.451320,3.223e-05
2021-02-22 12:08:58.451718,3.626e-05
2021-02-22 12:08:58.452052,3.022e-05
2021-02-22 12:08:58.452375,2.78e-05
2021-02-22 12:08:58.452847,2.7e-05
2021-02-22 12:08:58.453241,2.821e-05
2021-02-22 12:08:58.453516,2.901e-05
2021-02-22 12:08:58.453938,2.78e-05
2021-02-22 12:08:58.454639,2.861e-05
2021-02-22 12:08:58.454902,2.659e-05
2021-02-22 12:08:58.455172,3.022e-05
2021-02-22 12:08:58.455661,3.103e-05
2021-02-22 12:08:58.456014,3.505e-05
2021-02-22 12:08:58.456241,3.505e-05
2021-02-22 12:08:58.456628,3.385e-05
2021-02-22 12:08:58.457134,3.264e-05
2021-02-22 12:08:58.457602,3.264e-05
2021-02-22 12:08:58.457853,2.982e-05
2021-02-22 12:08:58.458300,2.74e-05
2021-02-22 12:08:58.458743,2.498e-05
2021-02-22 12:08:58.459156,2.377e-05
2021-02-22 12:08:58.459517,2.659e-05
2021-02-22 12:08:58.459776,2.619e-05
2021-02-22 12:08:58.460312,2.901e-05
2021-02-22 12:08:58.460669,2.78e-05
2021-02-22 12:08:58.461111,2.821e-05
2021-02-22 12:08:58.461330,3.223e-05
2021-02-22 12:08:58.461782,3.344e-05
2021-02-22 12:08:58.462180,3.505e-05
2021-02-22 12:08:58.462602,3.103e-05
2021-02-22 12:08:58.463041,2.458e-05
2021-02-22 12:08:58.463419,2.377e-05
2021-02-22 12:08:58.463715,2.377e-05
2021-02-22 12:08:58.464242,2.337e-05
2021-02-22 12:08:58.464603,2.579e-05
2021-02-22 12:08:58.465097,2.7e-05
2021-02-22 12:08:58.465310,3.103e-05
2021-02-22 12:08:58.465636,3.183e-05
2021-02-22 12:08:58.466180,3.143e-05
2021-02-22 12:08:58.466435,2.941e-05
2021-02-22 12:08:58.466801,2.821e-05
2021-02-22 12:08:58.467173,3.062e-05
2021-02-22 12:08:58.467680,3.264e-05
2021-02-22 12:08:58.467962,3.103e-05
2021-02-22 12:08:58.468430,3.103e-05
2021-02-22 12:08:58.468639,3.143e-05
2021-02-22 12:08:58.469122,2.982e-05
2021-02-22 12:08:58.469570,3.143e-05
2021-02-22 12:08:58.469815,3.344e-05
2021-02-22 12:08:58.470225,3.183e-05
2021-02-22 12:08:58.470596,2.821e-05
2021-02-22 12:08:58.471467,2.861e-05
2021-02-22 12:08:58.471705,2.7e-05
2021-02-22 12:08:58.471907,2.78e-05
2021-02-22 12:08:58.472161,2.74e-05
2021-02-22 12:08:58.472603,3.304e-05
2021-02-22 12:08:58.473277,3.062e-05
2021-02-22 12:08:58.473570,3.022e-05
2021-02-22 12:08:58.473772,2.901e-05
2021-02-22 12:08:58.474240,2.982e-05
2021-02-22 12:08:58.474603,2.861e-05
2021-02-22 12:08:58.474940,3.062e-05
2021-02-22 12:08:58.475342,3.546e-05
2021-02-22 12:08:58.475752,3.465e-05
2021-02-22 12:08:58.476177,3.062e-05
2021-02-22 12:08:58.476515,2.458e-05
2021-02-22 12:08:58.477155,2.659e-05
2021-02-22 12:08:58.477453,2.498e-05
2021-02-22 12:08:58.477680,2.74e-05
2021-02-22 12:08:58.478225,2.901e-05
2021-02-22 12:08:58.478479,3.304e-05
2021-02-22 12:08:58.478879,3.223e-05
2021-02-22 12:08:58.479387,3.425e-05
2021-02-22 12:08:58.479627,2.901e-05
2021-02-22 12:08:58.480252,2.579e-05
2021-02-22 12:08:58.480657,2.498e-05
2021-02-22 12:08:58.481084,2.377e-05
2021-02-22 12:08:58.481496,2.297e-05
2021-02-22 12:08:58.481861,2.74e-05
2021-02-22 12:08:58.482152,3.022e-05
2021-02-22 12:08:58.482400,3.062e-05
2021-02-22 12:08:58.482891,2.901e-05
2021-02-22 12:08:58.483370,2.74e-05
2021-02-22 12:08:58.483673,3.103e-05
2021-02-22 12:08:58.483980,3.062e-05
2021-02-22 12:08:58.484429,3.183e-05
2021-02-22 12:08:58.484818,3.143e-05
2021-02-22 12:08:58.485279,2.901e-05
2021-02-22 12:08:58.485795,2.659e-05
2021-02-22 12:08:58.486179,2.861e-05
2021-02-22 12:08:58.486459,2.982e-05
2021-02-22 12:08:58.486753,2.901e-05
2021-02-22 12:08:58.487096,2.78e-05
2021-02-22 12:08:58.487606,2.659e-05
2021-02-22 12:08:58.487936,2.297e-05
2021-02-22 12:08:58.488376,2.821e-05
2021-02-22 12:08:58.488594,2.7e-05
2021-02-22 12:08:58.489031,3.062e-05
2021-02-22 12:08:58.489398,3.264e-05
2021-02-22 12:08:58.489799,3.385e-05
2021-02-22 12:08:58.490503,3.546e-05
2021-02-22 12:08:58.490853,3.505e-05
2021-02-22 12:08:58.491124,3.344e-05
2021-02-22 12:08:58.491421,3.143e-05
2021-02-22 12:08:58.491836,2.901e-05
2021-02-22 12:08:58.492242,2.538e-05
2021-02-22 12:08:58.492529,2.659e-05
2021-02-22 12:08:58.492930,3.062e-05
2021-02-22 12:08:58.493500,2.7e-05
2021-02-22 12:08:58.493833,2.941e-05
2021-02-22 12:08:58.494308,3.425e-05
2021-02-22 12:08:58.494642,3.385e-05
2021-02-22 12:08:58.495018,3.143e-05
2021-02-22 12:08:58.495539,3.062e-05
2021-02-22 12:08:58.495982,2.901e-05
2021-02-22 12:08:58.496452,2.861e-05
2021-02-22 12:08:58.496843,2.74e-05
2021-02-22 12:08:58.497371,2.498e-05
2021-02-22 12:08:58.497679,2.458e-05
2021-02-22 12:08:58.498012,2.579e-05
2021-02-22 12:08:58.498363,2.7e-05
2021-02-22 12:08:58.498663,3.022e-05
2021-02-22 12:08:58.498899,3.304e-05
2021-02-22 12:08:58.499298,3.505e-05
2021-02-22 12:08:58.499618,2.901e-05
2021-02-22 12:08:58.500096,2.74e-05
2021-02-22 12:08:58.500459,2.74e-05
2021-02-22 12:08:58.500833,3.103e-05
2021-02-22 12:08:58.501178,3.385e-05
2021-02-22 12:08:58.501469,3.223e-05
2021-02-22 12:08:58.502058,2.74e-05
2021-02-22 12:08:58.502436,2.74e-05
2021-02-22 12:08:58.502847,2.861e-05
2021-02-22 12:08:58.503276,3.103e-05
2021-02-22 12:08:58.525275,2.619e-05
2021-02-22 12:08:58.525888,3.062e-05
2021-02-22 12:08:58.526315,2.901e-05
2021-02-22 12:08:58.526997,2.78e-05
2021-02-22 12:08:58.527455,3.062e-05
2021-02-22 12:08:58.527992,2.74e-05
2021-02-22 12:08:58.528565,2.579e-05
2021-02-22 12:08:58.529059,2.982e-05
2021-02-22 12:08:58.529379,2.861e-05
2021-02-22 12:08:58.529684,2.982e-05
2021-02-22 12:08:58.529930,2.901e-05
2021-02-22 12:08:58.530311,2.74e-05
2021-02-22 12:08:58.530586,2.941e-05
2021-02-22 12:08:58.530968,3.223e-05
2021-02-22 12:08:58.531565,3.546e-05
2021-02-22 12:08:58.532173,3.062e-05
2021-02-22 12:08:58.532779,3.385e-05
2021-02-22 12:08:58.533279,2.861e-05
2021-02-22 12:08:58.533605,3.223e-05
2021-02-22 12:08:58.534119,3.062e-05
2021-02-22 12:08:58.534409,3.264e-05
2021-02-22 12:08:58.534727,2.941e-05
2021-02-22 12:08:58.534946,3.143e-05
2021-02-22 12:08:58.535416,3.747e-05
2021-02-22 12:08:58.535804,3.264e-05
2021-02-22 12:08:58.536137,3.143e-05
2021-02-22 12:08:58.536453,3.022e-05
2021-02-22 12:08:58.537033,3.103e-05
2021-02-22 12:08:58.537314,2.821e-05
2021-02-22 12:08:58.537897,2.74e-05
2021-02-22 12:08:58.538598,2.659e-05
2021-02-22 12:08:58.538982,2.377e-05
2021-02-22 12:08:58.539337,2.216e-05
2021-02-22 12:08:58.539551,2.377e-05
2021-02-22 12:08:58.539893,2.901e-05
2021-02-22 12:08:58.540182,2.982e-05
2021-02-22 12:08:58.540581,2.861e-05
2021-02-22 12:08:58.540809,3.385e-05
2021-02-22 12:08:58.541078,3.344e-05
2021-02-22 12:08:58.541386,3.264e-05
2021-02-22 12:08:58.541690,3.304e-05
2021-02-22 12:08:58.541865,2.74e-05
2021-02-22 12:08:58.542233,2.74e-05
2021-02-22 12:08:58.542551,2.538e-05
2021-02-22 12:08:58.542892,2.659e-05
2021-02-22 12:08:58.543203,2.579e-05
2021-02-22 12:08:58.543704,2.861e-05
2021-02-22 12:08:58.544014,2.941e-05
2021-02-22 12:08:58.544327,3.062e-05
2021-02-22 12:08:58.544784,3.103e-05
2021-02-22 12:08:58.544989,3.022e-05
2021-02-22 12:08:58.545192,2.901e-05
2021-02-22 12:08:58.545436,3.062e-05
2021-02-22 12:08:58.545758,2.901e-05
2021-02-22 12:08:58.546189,2.7e-05
2021-02-22 12:08:58.546479,3.022e-05
2021-02-22 12:08:58.546862,3.022e-05
2021-02-22 12:08:58.547093,3.425e-05
2021-02-22 12:08:58.547367,3.062e-05
2021-02-22 12:08:58.547646,2.982e-05
2021-02-22 12:08:58.547859,2.941e-05
2021-02-22 12:08:58.548363,2.941e-05
2021-02-22 12:08:58.548614,2.78e-05
2021-02-22 12:08:58.549235,2.78e-05
2021-02-22 12:08:58.549611,2.7e-05
2021-02-22 12:08:58.549980,2.579e-05
2021-02-22 12:08:58.550294,2.659e-05
2021-02-22 12:08:58.550532,3.183e-05
2021-02-22 12:08:58.551100,3.586e-05
2021-02-22 12:08:58.551372,3.304e-05
2021-02-22 12:08:58.551780,2.982e-05
2021-02-22 12:08:58.552223,2.982e-05
2021-02-22 12:08:58.552589,3.143e-05
2021-02-22 12:08:58.552993,2.941e-05
2021-02-22 12:08:58.553390,2.619e-05
2021-02-22 12:08:58.553731,2.498e-05
2021-02-22 12:08:58.554274,2.78e-05
2021-02-22 12:08:58.554737,3.183e-05
2021-02-22 12:08:58.555099,3.385e-05
2021-02-22 12:08:58.555433,3.586e-05
2021-02-22 12:08:58.555592,2.7e-05
2021-02-22 12:08:58.556129,2.901e-05
2021-02-22 12:08:58.556661,2.74e-05
2021-02-22 12:08:58.556923,3.022e-05
2021-02-22 12:08:58.557350,2.821e-05
2021-02-22 12:08:58.557662,2.941e-05
2021-02-22 12:08:58.558007,2.659e-05
2021-02-22 12:08:58.558395,2.861e-05
2021-02-22 12:08:58.558747,2.901e-05
2021-02-22 12:08:58.559191,2.861e-05
2021-02-22 12:08:58.559645,2.861e-05
2021-02-22 12:08:58.559910,2.901e-05
2021-02-22 12:08:58.560308,2.498e-05
2021-02-22 12:08:58.560853,2.982e-05
2021-02-22 12:08:58.561278,3.103e-05
2021-02-22 12:08:58.561678,3.344e-05
2021-02-22 12:08:58.562151,3.707e-05
2021-02-22 12:08:58.562421,3.385e-05
2021-02-22 12:08:58.562679,2.78e-05
2021-02-22 12:08:58.563404,2.055e-05
2021-02-22 12:08:58.563751,2.216e-05
2021-02-22 12:08:58.564062,2.377e-05
2021-02-22 12:08:58.564321,2.78e-05
2021-02-22 12:08:58.564792,2.901e-05
2021-02-22 12:08:58.565193,3.425e-05
2021-02-22 12:08:58.565576,2.982e-05
2021-02-22 12:08:58.566020,3.183e-05
2021-02-22 12:08:58.566322,2.901e-05
2021-02-22 12:08:58.566733,3.103e-05
2021-02-22 12:08:58.567171,2.861e-05
2021-02-22 12:08:58.567542,2.7e-05
2021-02-22 12:08:58.567767,2.941e-05
2021-02-22 12:08:58.568396,2.982e-05
2021-02-22 12:08:58.568746,2.74e-05
2021-02-22 12:08:58.569234,3.223e-05
2021-02-22 12:08:58.569637,3.344e-05
2021-02-22 12:08:58.570096,3.344e-05
2021-02-22 12:08:58.570533,2.941e-05
2021-02-22 12:08:58.570932,2.619e-05
2021-02-22 12:08:58.571254,2.458e-05
2021-02-22 12:08:58.571627,2.498e-05
2021-02-22 12:08:58.572016,2.74e-05
2021-02-22 12:08:58.572372,2.941e-05
2021-02-22 12:08:58.572631,2.861e-05
2021-02-22 12:08:58.572940,2.861e-05
2021-02-22 12:08:58.573259,3.344e-05
2021-02-22 12:08:58.573647,3.425e-05
2021-02-22 12:08:58.574127,3.062e-05
2021-02-22 12:08:58.574543,2.74e-05
2021-02-22 12:08:58.575148,2.78e-05
2021-02-22 12:08:58.575496,2.941e-05
2021-02-22 12:08:58.575991,2.901e-05
2021-02-22 12:08:58.576328,2.619e-05
2021-02-22 12:08:58.576543,2.498e-05
2021-02-22 12:08:58.576888,2.579e-05
2021-02-22 12:08:58.577567,2.78e-05
2021-02-22 12:08:58.577915,3.062e-05
2021-02-22 12:08:58.578303,3.385e-05
2021-02-22 12:08:58.578590,3.505e-05
2021-02-22 12:08:58.578852,2.901e-05
2021-02-22 12:08:58.579400,2.821e-05
2021-02-22 12:08:58.579794,2.538e-05
2021-02-22 12:08:58.580308,2.7e-05
2021-02-22 12:08:58.580695,2.7e-05
2021-02-22 12:08:58.581058,2.821e-05
2021-02-22 12:08:58.581321,2.901e-05
2021-02-22 12:08:58.581736,2.941e-05
2021-02-22 12:08:58.581942,3.143e-05
2021-02-22 12:08:58.582419,3.183e-05
2021-02-22 12:08:58.582890,3.103e-05
2021-02-22 12:08:58.583216,3.062e-05
2021-02-22 12:08:58.583620,2.7e-05
2021-02-22 12:08:58.584078,2.538e-05
2021-02-22 12:08:58.584417,2.821e-05
2021-02-22 12:08:58.584716,2.941e-05
2021-02-22 12:08:58.585141,3.022e-05
2021-02-22 12:08:58.585473,2.377e-05
2021-02-22 12:08:58.586083,2.821e-05
2021-02-22 12:08:58.586491,2.901e-05
2021-02-22 12:08:58.586756,2.821e-05
2021-02-22 12:08:58.587112,3.465e-05
2021-02-22 12:08:58.587434,3.465e-05
2021-02-22 12:08:58.587960,3.425e-05
2021-02-22 12:08:58.588422,3.022e-05
2021-02-22 12:08:58.588690,2.78e-05
2021-02-22 12:08:58.589042,2.78e-05
2021-02-22 12:08:58.589412,2.861e-05
2021-02-22 12:08:58.589677,3.022e-05
2021-02-22 12:08:58.590277,3.223e-05
2021-02-22 12:08:58.590747,3.183e-05
2021-02-22 12:08:58.591041,2.982e-05
2021-02-22 12:08:58.591410,3.022e-05
2021-02-22 12:08:58.591756,2.982e-05
2021-02-22 12:08:58.592408,2.982e-05
2021-02-22 12:08:58.592815,3.143e-05
2021-02-22 12:08:58.593357,3.103e-05
2021-02-22 12:08:58.593986,2.619e-05
2021-02-22 12:08:58.594306,2.659e-05
2021-02-22 12:08:58.594708,2.74e-05
2021-02-22 12:08:58.594901,2.941e-05
2021-02-22 12:08:58.595357,2.861e-05
2021-02-22 12:08:58.595720,2.901e-05
2021-02-22 12:08:58.596137,2.659e-05
2021-02-22 12:08:58.596389,3.465e-05
2021-02-22 12:08:58.596822,3.022e-05
2021-02-22 12:08:58.597148,2.861e-05
2021-02-22 12:08:58.597545,2.941e-05
2021-02-22 12:08:58.597947,2.821e-05
2021-02-22 12:08:58.598309,2.941e-05
2021-02-22 12:08:58.598659,2.74e-05
2021-02-22 12:08:58.599018,3.103e-05
2021-02-22 12:08:58.599281,2.337e-05
2021-02-22 12:08:58.599719,3.143e-05
2021-02-22 12:08:58.600081,2.74e-05
2021-02-22 12:08:58.600535,2.941e-05
2021-02-22 12:08:58.600965,2.941e-05
2021-02-22 12:08:58.601236,2.619e-05
2021-02-22 12:08:58.601631,2.901e-05
2021-02-22 12:08:58.602136,2.377e-05
2021-02-22 12:08:58.602482,2.256e-05
2021-02-22 12:08:58.602820,2.579e-05
2021-02-22 12:08:58.603138,2.7e-05
2021-02-22 12:08:58.603459,2.982e-05
2021-02-22 12:08:58.603867,3.385e-05
2021-02-22 12:08:58.604537,3.344e-05
2021-02-22 12:08:58.604938,3.022e-05
2021-02-22 12:08:58.605538,2.941e-05
2021-02-22 12:08:58.605938,2.78e-05
2021-02-22 12:08:58.606275,2.418e-05
2021-02-22 12:08:58.606625,2.498e-05
2021-02-22 12:08:58.606908,2.659e-05
2021-02-22 12:08:58.607237,2.821e-05
2021-02-22 12:08:58.607578,3.465e-05
2021-02-22 12:08:58.607925,3.062e-05
2021-02-22 12:08:58.608226,3.667e-05
2021-02-22 12:08:58.608455,3.103e-05
2021-02-22 12:08:58.608966,2.941e-05
2021-02-22 12:08:58.609406,2.78e-05
2021-02-22 12:08:58.609752,2.418e-05
2021-02-22 12:08:58.610231,2.901e-05
2021-02-22 12:08:58.610433,2.861e-05
2021-02-22 12:08:58.610803,2.982e-05
2021-02-22 12:08:58.611336,2.619e-05
2021-02-22 12:08:58.611627,2.337e-05
2021-02-22 12:08:58.612234,2.538e-05
2021-02-22 12:08:58.612653,2.659e-05
2021-02-22 12:08:58.613111,2.941e-05
2021-02-22 12:08:58.613507,3.828e-05
2021-02-22 12:08:58.613909,3.989e-05
2021-02-22 12:08:58.614275,3.505e-05
2021-02-22 12:08:58.614654,3.546e-05
2021-02-22 12:08:58.615116,2.941e-05
2021-02-22 12:08:58.615427,2.941e-05
2021-02-22 12:08:58.615818,2.659e-05
2021-02-22 12:08:58.616192,2.821e-05
2021-02-22 12:08:58.616523,3.062e-05
2021-02-22 12:08:58.616908,3.304e-05
2021-02-22 12:08:58.617229,2.901e-05
2021-02-22 12:08:58.617495,2.7e-05
2021-02-22 12:08:58.618023,2.78e-05
2021-02-22 12:08:58.618256,3.022e-05
2021-02-22 12:08:58.618692,2.821e-05
2021-02-22 12:08:58.619102,2.619e-05
2021-02-22 12:08:58.619503,3.062e-05
2021-02-22 12:08:58.619837,2.982e-05
2021-02-22 12:08:58.620246,2.7e-05
2021-02-22 12:08:58.620664,2.619e-05
2021-02-22 12:08:58.621116,2.337e-05
2021-02-22 12:08:58.621520,2.297e-05
2021-02-22 12:08:58.621900,2.498e-05
2021-02-22 12:08:58.622192,2.579e-05
2021-02-22 12:08:58.622484,2.78e-05
2021-02-22 12:08:58.622830,3.103e-05
2021-02-22 12:08:58.623450,2.941e-05
2021-02-22 12:08:58.623675,2.941e-05
2021-02-22 12:08:58.624087,2.941e-05
2021-02-22 12:08:58.624596,2.74e-05
2021-02-22 12:08:58.625225,2.941e-05
2021-02-22 12:08:58.625606,3.062e-05
2021-02-22 12:08:58.625811,2.78e-05
2021-02-22 12:08:58.626253,2.861e-05
2021-02-22 12:08:58.626598,2.458e-05
2021-02-22 12:08:58.627215,2.821e-05
2021-02-22 12:08:58.627548,2.941e-05
2021-02-22 12:08:58.627765,2.74e-05
2021-02-22 12:08:58.628309,3.183e-05
2021-02-22 12:08:58.628769,3.223e-05
2021-02-22 12:08:58.629096,3.304e-05
2021-02-22 12:08:58.629323,3.183e-05
2021-02-22 12:08:58.629679,2.982e-05
2021-02-22 12:08:58.630349,2.982e-05
2021-02-22 12:08:58.630666,2.418e-05
2021-02-22 12:08:58.630872,2.377e-05
2021-02-22 12:08:58.631483,2.498e-05
2021-02-22 12:08:58.631804,3.183e-05
2021-02-22 12:08:58.632275,3.103e-05
2021-02-22 12:08:58.632673,3.425e-05
2021-02-22 12:08:58.633009,3.344e-05
2021-02-22 12:08:58.633458,3.304e-05
2021-02-22 12:08:58.633843,3.223e-05
2021-02-22 12:08:58.634267,3.223e-05
2021-02-22 12:08:58.634544,2.982e-05
2021-02-22 12:08:58.634928,2.418e-05
2021-02-22 12:08:58.635310,2.619e-05
2021-02-22 12:08:58.635694,2.619e-05
2021-02-22 12:08:58.636068,2.538e-05
2021-02-22 12:08:58.636573,2.7e-05
2021-02-22 12:08:58.636946,2.941e-05
2021-02-22 12:08:58.637304,2.861e-05
2021-02-22 12:08:58.637530,3.103e-05
2021-02-22 12:08:58.638114,3.022e-05
2021-02-22 12:08:58.638447,2.901e-05
2021-02-22 12:08:58.638674,2.861e-05
2021-02-22 12:08:58.639172,2.941e-05
2021-02-22 12:08:58.639653,2.7e-05
2021-02-22 12:08:58.640005,2.78e-05
2021-02-22 12:08:58.640277,3.103e-05
2021-02-22 12:08:58.640690,3.344e-05
2021-02-22 12:08:58.641087,3.183e-05
2021-02-22 12:08:58.641424,2.659e-05
2021-02-22 12:08:58.641868,2.579e-05
2021-02-22 12:08:58.642197,2.7e-05
2021-02-22 12:08:58.642635,2.821e-05
2021-02-22 12:08:58.642969,2.659e-05
2021-02-22 12:08:58.643336,2.861e-05
2021-02-22 12:08:58.643738,3.022e-05
2021-02-22 12:08:58.644178,2.941e-05
2021-02-22 12:08:58.644541,3.223e-05
2021-02-22 12:08:58.644854,3.143e-05
2021-02-22 12:08:58.645296,2.982e-05
2021-02-22 12:08:58.645566,3.183e-05
2021-02-22 12:08:58.646221,3.143e-05
2021-02-22 12:08:58.646574,2.901e-05
2021-02-22 12:08:58.646880,2.821e-05
2021-02-22 12:08:58.647287,3.103e-05
2021-02-22 12:08:58.647728,3.022e-05
2021-02-22 12:08:58.648050,3.143e-05
2021-02-22 12:08:58.648400,3.304e-05
2021-02-22 12:08:58.648743,2.941e-05
2021-02-22 12:08:58.649294,2.78e-05
2021-02-22 12:08:58.649587,3.022e-05
2021-02-22 12:08:58.649867,2.579e-05
2021-02-22 12:08:58.650217,2.861e-05
2021-02-22 12:08:58.650803,2.538e-05
2021-02-22 12:08:58.651241,2.498e-05
2021-02-22 12:08:58.651611,2.297e-05
2021-02-22 12:08:58.651966,2.74e-05
2021-02-22 12:08:58.652317,2.901e-05
2021-02-22 12:08:58.652634,3.022e-05
2021-02-22 12:08:58.653153,3.223e-05
2021-02-22 12:08:58.653632,3.344e-05
2021-02-22 12:08:58.653924,3.223e-05
2021-02-22 12:08:58.654501,3.223e-05
2021-02-22 12:08:58.654930,2.821e-05
2021-02-22 12:08:58.655297,2.821e-05
2021-02-22 12:08:58.655641,2.901e-05
2021-02-22 12:08:58.655874,2.821e-05
2021-02-22 12:08:58.656413,2.861e-05
2021-02-22 12:08:58.656628,3.103e-05
2021-02-22 12:08:58.657119,3.062e-05
2021-02-22 12:08:58.657388,3.103e-05
2021-02-22 12:08:58.657916,2.78e-05
2021-02-22 12:08:58.658310,2.7e-05
2021-02-22 12:08:58.658690,2.256e-05
2021-02-22 12:08:58.658972,2.538e-05
2021-02-22 12:08:58.659322,2.941e-05
2021-02-22 12:08:58.659755,2.498e-05
2021-02-22 12:08:58.660200,2.7e-05
2021-02-22 12:08:58.660667,2.982e-05
2021-02-22 12:08:58.660954,3.103e-05
2021-02-22 12:08:58.661320,2.941e-05
2021-02-22 12:08:58.661711,2.78e-05
2021-02-22 12:08:58.662154,2.941e-05
2021-02-22 12:08:58.662438,2.7e-05
2021-02-22 12:08:58.663046,3.143e-05
2021-02-22 12:08:58.663303,3.223e-05
2021-02-22 12:08:58.663745,3.264e-05
2021-02-22 12:08:58.664318,3.143e-05
2021-02-22 12:08:58.664663,2.861e-05
2021-02-22 12:08:58.664930,2.498e-05
2021-02-22 12:08:58.665348,1.934e-05
2021-02-22 12:08:58.665606,2.176e-05
2021-02-22 12:08:58.666254,2.619e-05
2021-02-22 12:08:58.666587,2.982e-05
2021-02-22 12:08:58.666931,3.707e-05
2021-02-22 12:08:58.667361,3.385e-05
2021-02-22 12:08:58.667734,2.861e-05
2021-02-22 12:08:58.668157,2.7e-05
2021-02-22 12:08:58.668521,2.821e-05
2021-02-22 12:08:58.668887,2.821e-05
2021-02-22 12:08:58.669263,2.982e-05
2021-02-22 12:08:58.669712,3.103e-05
2021-02-22 12:08:58.670072,3.103e-05
2021-02-22 12:08:58.670349,2.861e-05
2021-02-22 12:08:58.670822,3.022e-05
2021-02-22 12:08:58.671251,2.901e-05
2021-02-22 12:08:58.671711,3.143e-05
2021-02-22 12:08:58.672042,3.425e-05
2021-02-22 12:08:58.672393,3.062e-05
2021-02-22 12:08:58.672691,2.982e-05
2021-02-22 12:08:58.673040,2.901e-05
2021-02-22 12:08:58.673327,2.78e-05
2021-02-22 12:08:58.673822,2.538e-05
2021-02-22 12:08:58.674063,3.103e-05
2021-02-22 12:08:58.674526,3.022e-05
2021-02-22 12:08:58.675147,3.183e-05
2021-02-22 12:08:58.675561,3.425e-05
2021-02-22 12:08:58.675986,3.546e-05
2021-02-22 12:08:58.676432,3.264e-05
2021-02-22 12:08:58.676849,2.659e-05
2021-02-22 12:08:58.677131,2.498e-05
2021-02-22 12:08:58.677385,2.377e-05
2021-02-22 12:08:58.677626,2.498e-05
2021-02-22 12:08:58.678210,2.7e-05
2021-02-22 12:08:58.678469,2.941e-05
2021-02-22 12:08:58.678824,3.103e-05
2021-02-22 12:08:58.679296,3.183e-05
2021-02-22 12:08:58.679701,3.103e-05
2021-02-22 12:08:58.680100,3.183e-05
2021-02-22 12:08:58.680543,3.385e-05
2021-02-22 12:08:58.680860,3.183e-05
2021-02-22 12:08:58.681355,2.7e-05
2021-02-22 12:08:58.681676,2.377e-05
2021-02-22 12:08:58.681980,2.538e-05
2021-02-22 12:08:58.682372,2.78e-05
2021-02-22 12:08:58.682764,2.982e-05
2021-02-22 12:08:58.683172,3.264e-05
2021-02-22 12:08:58.683548,3.223e-05
2021-02-22 12:08:58.683899,2.901e-05
2021-02-22 12:08:58.684165,2.458e-05
2021-02-22 12:08:58.706496,2.458e-05
2021-02-22 12:08:58.706893,2.74e-05
2021-02-22 12:08:58.707641,3.304e-05
2021-02-22 12:08:58.708176,2.901e-05
2021-02-22 12:08:58.708506,2.659e-05
2021-02-22 12:08:58.708908,2.659e-05
2021-02-22 12:08:58.709187,2.78e-05
2021-02-22 12:08:58.709479,2.821e-05
2021-02-22 12:08:58.709780,3.062e-05
2021-02-22 12:08:58.710289,3.465e-05
2021-02-22 12:08:58.711103,3.667e-05
2021-02-22 12:08:58.711550,2.982e-05
2021-02-22 12:08:58.712171,2.659e-05
2021-02-22 12:08:58.713043,3.022e-05
2021-02-22 12:08:58.713689,2.941e-05
2021-02-22 12:08:58.714105,2.74e-05
2021-02-22 12:08:58.714557,3.143e-05
2021-02-22 12:08:58.714870,2.901e-05
2021-02-22 12:08:58.715104,2.659e-05
2021-02-22 12:08:58.715732,2.74e-05
2021-02-22 12:08:58.716125,2.821e-05
2021-02-22 12:08:58.716490,3.103e-05
2021-02-22 12:08:58.716730,2.821e-05
2021-02-22 12:08:58.716958,2.982e-05
2021-02-22 12:08:58.717202,2.821e-05
2021-02-22 12:08:58.717529,2.78e-05
2021-02-22 12:08:58.717816,3.223e-05
2021-02-22 12:08:58.718213,3.103e-05
2021-02-22 12:08:58.718563,2.861e-05
2021-02-22 12:08:58.718947,2.659e-05
2021-02-22 12:08:58.719391,2.619e-05
2021-02-22 12:08:58.719762,2.498e-05
2021-02-22 12:08:58.720144,2.418e-05
2021-02-22 12:08:58.720469,2.538e-05
2021-02-22 12:08:58.720800,2.861e-05
2021-02-22 12:08:58.721175,3.062e-05
2021-02-22 12:08:58.721576,2.821e-05
2021-02-22 12:08:58.721803,3.344e-05
2021-02-22 12:08:58.722222,3.264e-05
2021-02-22 12:08:58.722474,2.982e-05
2021-02-22 12:08:58.722641,2.619e-05
2021-02-22 12:08:58.723007,2.7e-05
2021-02-22 12:08:58.723271,2.821e-05
2021-02-22 12:08:58.723602,2.458e-05
2021-02-22 12:08:58.723836,2.538e-05
2021-02-22 12:08:58.724068,2.619e-05
2021-02-22 12:08:58.724204,2.579e-05
2021-02-22 12:08:58.724537,2.458e-05
2021-02-22 12:08:58.724694,3.264e-05
2021-02-22 12:08:58.725010,3.586e-05
2021-02-22 12:08:58.725293,3.747e-05
2021-02-22 12:08:58.725507,2.941e-05
2021-02-22 12:08:58.726162,2.659e-05
2021-02-22 12:08:58.726512,2.619e-05
2021-02-22 12:08:58.726777,2.7e-05
2021-02-22 12:08:58.727244,2.821e-05
2021-02-22 12:08:58.727485,2.659e-05
2021-02-22 12:08:58.728035,2.7e-05
2021-02-22 12:08:58.728437,2.941e-05
2021-02-22 12:08:58.728738,3.062e-05
2021-02-22 12:08:58.729297,3.385e-05
2021-02-22 12:08:58.729639,3.062e-05
2021-02-22 12:08:58.729937,3.143e-05
2021-02-22 12:08:58.730439,2.901e-05
2021-02-22 12:08:58.730799,2.901e-05
2021-02-22 12:08:58.731018,2.7e-05
2021-02-22 12:08:58.731397,2.7e-05
2021-02-22 12:08:58.731794,3.022e-05
2021-02-22 12:08:58.732152,2.821e-05
2021-02-22 12:08:58.732475,3.264e-05
2021-02-22 12:08:58.733015,3.264e-05
2021-02-22 12:08:58.733510,3.183e-05
2021-02-22 12:08:58.733866,3.022e-05
2021-02-22 12:08:58.734194,2.538e-05
2021-02-22 12:08:58.734464,2.7e-05
2021-02-22 12:08:58.734838,3.183e-05
2021-02-22 12:08:58.735214,2.982e-05
2021-02-22 12:08:58.735756,3.022e-05
2021-02-22 12:08:58.736172,2.7e-05
2021-02-22 12:08:58.736502,2.7e-05
2021-02-22 12:08:58.737056,2.7e-05
2021-02-22 12:08:58.737355,2.901e-05
2021-02-22 12:08:58.737602,2.821e-05
2021-02-22 12:08:58.738303,3.425e-05
2021-02-22 12:08:58.738704,2.982e-05
2021-02-22 12:08:58.739037,3.062e-05
2021-02-22 12:08:58.739390,3.022e-05
2021-02-22 12:08:58.739724,2.7e-05
2021-02-22 12:08:58.740049,2.941e-05
2021-02-22 12:08:58.740517,2.498e-05
2021-02-22 12:08:58.740969,2.337e-05
2021-02-22 12:08:58.741350,2.579e-05
2021-02-22 12:08:58.741761,3.062e-05
2021-02-22 12:08:58.742202,3.022e-05
2021-02-22 12:08:58.742564,3.022e-05
2021-02-22 12:08:58.743015,2.982e-05
2021-02-22 12:08:58.743396,2.821e-05
2021-02-22 12:08:58.743803,2.659e-05
2021-02-22 12:08:58.744459,2.78e-05
2021-02-22 12:08:58.744982,2.498e-05
2021-02-22 12:08:58.745238,2.78e-05
2021-02-22 12:08:58.745568,2.982e-05
2021-02-22 12:08:58.745733,3.062e-05
2021-02-22 12:08:58.745975,3.264e-05
2021-02-22 12:08:58.746172,3.022e-05
2021-02-22 12:08:58.746454,3.264e-05
2021-02-22 12:08:58.746978,3.143e-05
2021-02-22 12:08:58.747292,2.901e-05
2021-02-22 12:08:58.747682,2.861e-05
2021-02-22 12:08:58.748326,2.982e-05
2021-02-22 12:08:58.748827,2.861e-05
2021-02-22 12:08:58.749157,2.619e-05
2021-02-22 12:08:58.749505,2.78e-05
2021-02-22 12:08:58.749901,2.74e-05
2021-02-22 12:08:58.750213,2.619e-05
2021-02-22 12:08:58.750615,2.659e-05
2021-02-22 12:08:58.751148,2.659e-05
2021-02-22 12:08:58.751616,2.659e-05
2021-02-22 12:08:58.752180,3.062e-05
2021-02-22 12:08:58.752499,3.183e-05
2021-02-22 12:08:58.752673,3.264e-05
2021-02-22 12:08:58.752990,3.264e-05
2021-02-22 12:08:58.753198,2.982e-05
2021-02-22 12:08:58.753760,2.7e-05
2021-02-22 12:08:58.754214,2.901e-05
2021-02-22 12:08:58.754644,3.103e-05
2021-02-22 12:08:58.755136,2.821e-05
2021-02-22 12:08:58.755611,2.861e-05
2021-02-22 12:08:58.755921,3.143e-05
2021-02-22 12:08:58.756471,2.7e-05
2021-02-22 12:08:58.756805,2.659e-05
2021-02-22 12:08:58.757038,2.941e-05
2021-02-22 12:08:58.757334,2.821e-05
2021-02-22 12:08:58.757548,2.861e-05
2021-02-22 12:08:58.757891,3.062e-05
2021-02-22 12:08:58.758511,3.022e-05
2021-02-22 12:08:58.758962,3.103e-05
2021-02-22 12:08:58.759352,2.74e-05
2021-02-22 12:08:58.759732,3.344e-05
2021-02-22 12:08:58.760178,3.183e-05
2021-02-22 12:08:58.760662,2.901e-05
2021-02-22 12:08:58.760991,2.7e-05
2021-02-22 12:08:58.761285,2.538e-05
2021-02-22 12:08:58.761556,2.498e-05
2021-02-22 12:08:58.761859,2.377e-05
2021-02-22 12:08:58.762376,2.498e-05
2021-02-22 12:08:58.762793,2.538e-05
2021-02-22 12:08:58.763174,2.941e-05
2021-02-22 12:08:58.763533,2.78e-05
2021-02-22 12:08:58.763992,3.304e-05
2021-02-22 12:08:58.764392,3.425e-05
2021-02-22 12:08:58.764839,3.264e-05
2021-02-22 12:08:58.765199,3.304e-05
2021-02-22 12:08:58.765535,2.901e-05
2021-02-22 12:08:58.765919,2.337e-05
2021-02-22 12:08:58.766279,2.297e-05
2021-02-22 12:08:58.766707,2.418e-05
2021-02-22 12:08:58.767083,2.538e-05
2021-02-22 12:08:58.767471,2.74e-05
2021-02-22 12:08:58.767843,3.022e-05
2021-02-22 12:08:58.768230,3.183e-05
2021-02-22 12:08:58.768565,3.022e-05
2021-02-22 12:08:58.768845,3.344e-05
2021-02-22 12:08:58.769393,3.062e-05
2021-02-22 12:08:58.769701,2.538e-05
2021-02-22 12:08:58.770030,2.7e-05
2021-02-22 12:08:58.770519,2.418e-05
2021-02-22 12:08:58.771034,2.659e-05
2021-02-22 12:08:58.771416,2.901e-05
2021-02-22 12:08:58.771789,2.821e-05
2021-02-22 12:08:58.772173,3.344e-05
2021-02-22 12:08:58.772577,3.223e-05
2021-02-22 12:08:58.772965,2.941e-05
2021-02-22 12:08:58.773260,2.861e-05
2021-02-22 12:08:58.773689,3.103e-05
2021-02-22 12:08:58.774094,3.183e-05
2021-02-22 12:08:58.774258,3.103e-05
2021-02-22 12:08:58.774835,2.659e-05
2021-02-22 12:08:58.775278,2.74e-05
2021-02-22 12:08:58.775721,2.821e-05
2021-02-22 12:08:58.776095,2.901e-05
2021-02-22 12:08:58.776345,2.861e-05
2021-02-22 12:08:58.776763,2.659e-05
2021-02-22 12:08:58.777218,2.538e-05
2021-02-22 12:08:58.777582,2.7e-05
2021-02-22 12:08:58.778080,2.78e-05
2021-02-22 12:08:58.778411,2.982e-05
2021-02-22 12:08:58.778783,3.264e-05
2021-02-22 12:08:58.779274,3.022e-05
2021-02-22 12:08:58.779620,2.941e-05
2021-02-22 12:08:58.779884,2.982e-05
2021-02-22 12:08:58.780439,2.861e-05
2021-02-22 12:08:58.780752,3.304e-05
2021-02-22 12:08:58.781269,2.941e-05
2021-02-22 12:08:58.781584,2.498e-05
2021-02-22 12:08:58.781880,2.256e-05
2021-02-22 12:08:58.782175,2.619e-05
2021-02-22 12:08:58.782703,2.458e-05
2021-02-22 12:08:58.783128,2.538e-05
2021-02-22 12:08:58.783571,2.659e-05
2021-02-22 12:08:58.783869,3.143e-05
2021-02-22 12:08:58.784326,2.901e-05
2021-02-22 12:08:58.784516,3.022e-05
2021-02-22 12:08:58.785031,2.74e-05
2021-02-22 12:08:58.785529,2.982e-05
2021-02-22 12:08:58.785820,2.982e-05
2021-02-22 12:08:58.786211,2.498e-05
2021-02-22 12:08:58.786721,2.579e-05
2021-02-22 12:08:58.787033,2.659e-05
2021-02-22 12:08:58.787474,2.982e-05
2021-02-22 12:08:58.787835,3.143e-05
2021-02-22 12:08:58.788410,2.982e-05
2021-02-22 12:08:58.789151,2.861e-05
2021-02-22 12:08:58.789557,3.103e-05
2021-02-22 12:08:58.789920,3.304e-05
2021-02-22 12:08:58.790231,2.982e-05
2021-02-22 12:08:58.790501,3.062e-05
2021-02-22 12:08:58.790851,3.264e-05
2021-02-22 12:08:58.791144,2.941e-05
2021-02-22 12:08:58.791596,2.821e-05
2021-02-22 12:08:58.791947,3.183e-05
2021-02-22 12:08:58.792421,2.538e-05
2021-02-22 12:08:58.792711,2.579e-05
2021-02-22 12:08:58.793214,2.821e-05
2021-02-22 12:08:58.793523,3.022e-05
2021-02-22 12:08:58.794120,2.941e-05
2021-02-22 12:08:58.794517,3.143e-05
2021-02-22 12:08:58.795038,3.022e-05
2021-02-22 12:08:58.795428,2.74e-05
2021-02-22 12:08:58.795817,2.821e-05
2021-02-22 12:08:58.796191,2.74e-05
2021-02-22 12:08:58.796565,2.78e-05
2021-02-22 12:08:58.797081,2.74e-05
2021-02-22 12:08:58.797379,3.062e-05
2021-02-22 12:08:58.797784,2.861e-05
2021-02-22 12:08:58.798128,2.7e-05
2021-02-22 12:08:58.798564,3.103e-05
2021-02-22 12:08:58.798932,2.982e-05
2021-02-22 12:08:58.799321,2.901e-05
2021-02-22 12:08:58.799806,3.022e-05
2021-02-22 12:08:58.800375,2.941e-05
2021-02-22 12:08:58.800748,2.659e-05
2021-02-22 12:08:58.801505,2.659e-05
2021-02-22 12:08:58.801923,2.579e-05
2021-02-22 12:08:58.802348,3.022e-05
2021-02-22 12:08:58.802805,2.941e-05
2021-02-22 12:08:58.803331,2.821e-05
2021-02-22 12:08:58.803869,2.901e-05
2021-02-22 12:08:58.804244,2.78e-05
2021-02-22 12:08:58.805076,2.941e-05
2021-02-22 12:08:58.805460,2.78e-05
2021-02-22 12:08:58.805894,2.538e-05
2021-02-22 12:08:58.806211,2.498e-05
2021-02-22 12:08:58.806535,2.538e-05
2021-02-22 12:08:58.806913,2.579e-05
2021-02-22 12:08:58.807339,2.821e-05
2021-02-22 12:08:58.807507,2.498e-05
2021-02-22 12:08:58.807902,2.659e-05
2021-02-22 12:08:58.808342,2.74e-05
2021-02-22 12:08:58.808612,3.022e-05
2021-02-22 12:08:58.809087,3.264e-05
2021-02-22 12:08:58.809410,3.264e-05
2021-02-22 12:08:58.809684,3.344e-05
2021-02-22 12:08:58.809845,3.022e-05
2021-02-22 12:08:58.810181,2.901e-05
2021-02-22 12:08:58.810573,2.861e-05
2021-02-22 12:08:58.810965,2.941e-05
2021-02-22 12:08:58.811315,2.982e-05
2021-02-22 12:08:58.811505,2.861e-05
2021-02-22 12:08:58.811742,3.022e-05
2021-02-22 12:08:58.811990,3.183e-05
2021-02-22 12:08:58.812195,2.821e-05
2021-02-22 12:08:58.812506,2.7e-05
2021-02-22 12:08:58.812699,2.74e-05
2021-02-22 12:08:58.813148,3.103e-05
2021-02-22 12:08:58.813517,3.264e-05
2021-02-22 12:08:58.813704,3.183e-05
2021-02-22 12:08:58.814068,2.941e-05
2021-02-22 12:08:58.814407,2.861e-05
2021-02-22 12:08:58.814810,2.901e-05
2021-02-22 12:08:58.815209,2.78e-05
2021-02-22 12:08:58.815531,2.498e-05
2021-02-22 12:08:58.815738,2.74e-05
2021-02-22 12:08:58.816310,2.7e-05
2021-02-22 12:08:58.816739,2.982e-05
2021-02-22 12:08:58.816974,3.264e-05
2021-02-22 12:08:58.817625,2.901e-05
2021-02-22 12:08:58.818130,2.982e-05
2021-02-22 12:08:58.818448,3.062e-05
2021-02-22 12:08:58.818850,2.458e-05
2021-02-22 12:08:58.819270,2.176e-05
2021-02-22 12:08:58.819600,2.095e-05
2021-02-22 12:08:58.820062,2.458e-05
2021-02-22 12:08:58.820451,2.659e-05
2021-02-22 12:08:58.820979,2.7e-05
2021-02-22 12:08:58.821437,2.498e-05
2021-02-22 12:08:58.821914,2.579e-05
2021-02-22 12:08:58.822175,2.418e-05
2021-02-22 12:08:58.822508,2.7e-05
2021-02-22 12:08:58.822784,3.223e-05
2021-02-22 12:08:58.823083,3.103e-05
2021-02-22 12:08:58.823503,2.901e-05
2021-02-22 12:08:58.823935,2.821e-05
2021-02-22 12:08:58.824322,3.465e-05
2021-02-22 12:08:58.824754,3.103e-05
2021-02-22 12:08:58.825136,3.344e-05
2021-02-22 12:08:58.825769,2.941e-05
2021-02-22 12:08:58.826284,2.78e-05
2021-02-22 12:08:58.826662,2.538e-05
2021-02-22 12:08:58.827173,2.498e-05
2021-02-22 12:08:58.827510,2.579e-05
2021-02-22 12:08:58.827980,2.7e-05
2021-02-22 12:08:58.828383,2.982e-05
2021-02-22 12:08:58.828848,2.941e-05
2021-02-22 12:08:58.829382,2.659e-05
2021-02-22 12:08:58.829792,2.619e-05
2021-02-22 12:08:58.830242,3.022e-05
2021-02-22 12:08:58.830638,3.223e-05
2021-02-22 12:08:58.831087,3.103e-05
2021-02-22 12:08:58.831354,3.223e-05
2021-02-22 12:08:58.831680,3.223e-05
2021-02-22 12:08:58.832093,3.183e-05
2021-02-22 12:08:58.832388,3.505e-05
2021-02-22 12:08:58.832723,3.344e-05
2021-02-22 12:08:58.833216,3.344e-05
2021-02-22 12:08:58.833446,3.062e-05
2021-02-22 12:08:58.833751,2.901e-05
2021-02-22 12:08:58.834085,2.619e-05
2021-02-22 12:08:58.834456,2.538e-05
2021-02-22 12:08:58.834759,2.579e-05
2021-02-22 12:08:58.835028,2.901e-05
2021-02-22 12:08:58.835234,2.619e-05
2021-02-22 12:08:58.835595,2.7e-05
2021-02-22 12:08:58.835970,3.022e-05
2021-02-22 12:08:58.836326,3.103e-05
2021-02-22 12:08:58.836715,2.821e-05
2021-02-22 12:08:58.837140,3.022e-05
2021-02-22 12:08:58.837480,3.103e-05
2021-02-22 12:08:58.837932,3.143e-05
2021-02-22 12:08:58.838528,3.546e-05
2021-02-22 12:08:58.838857,3.143e-05
2021-02-22 12:08:58.839351,2.538e-05
2021-02-22 12:08:58.839712,2.498e-05
2021-02-22 12:08:58.840143,2.7e-05
2021-02-22 12:08:58.840473,2.619e-05
2021-02-22 12:08:58.840868,2.619e-05
2021-02-22 12:08:58.841147,2.619e-05
2021-02-22 12:08:58.841528,2.659e-05
2021-02-22 12:08:58.841965,3.022e-05
2021-02-22 12:08:58.842404,2.538e-05
2021-02-22 12:08:58.842765,2.579e-05
2021-02-22 12:08:58.843758,2.619e-05
2021-02-22 12:08:58.844104,2.579e-05
2021-02-22 12:08:58.844486,2.579e-05
2021-02-22 12:08:58.844713,2.821e-05
2021-02-22 12:08:58.845208,2.74e-05
2021-02-22 12:08:58.845430,2.861e-05
2021-02-22 12:08:58.845833,3.425e-05
2021-02-22 12:08:58.846195,3.425e-05
2021-02-22 12:08:58.846537,3.103e-05
2021-02-22 12:08:58.846843,2.901e-05
2021-02-22 12:08:58.847154,2.861e-05
2021-02-22 12:08:58.847538,2.821e-05
2021-02-22 12:08:58.847861,2.901e-05
2021-02-22 12:08:58.848223,2.982e-05
2021-02-22 12:08:58.848732,2.861e-05
2021-02-22 12:08:58.849260,3.022e-05
2021-02-22 12:08:58.849700,2.861e-05
2021-02-22 12:08:58.850176,3.022e-05
2021-02-22 12:08:58.850532,2.538e-05
2021-02-22 12:08:58.850900,2.458e-05
2021-02-22 12:08:58.851081,2.659e-05
2021-02-22 12:08:58.851391,2.982e-05
2021-02-22 12:08:58.851849,2.659e-05
2021-02-22 12:08:58.852285,3.103e-05
2021-02-22 12:08:58.852831,2.901e-05
2021-02-22 12:08:58.853279,2.901e-05
2021-02-22 12:08:58.853586,3.143e-05
2021-02-22 12:08:58.854143,3.143e-05
2021-02-22 12:08:58.854419,2.861e-05
2021-02-22 12:08:58.854737,2.941e-05
2021-02-22 12:08:58.855064,2.861e-05
2021-02-22 12:08:58.855411,2.7e-05
2021-02-22 12:08:58.855832,2.659e-05
2021-02-22 12:08:58.856308,2.579e-05
2021-02-22 12:08:58.856582,2.941e-05
2021-02-22 12:08:58.856818,3.022e-05
2021-02-22 12:08:58.857140,3.103e-05
2021-02-22 12:08:58.857637,2.941e-05
2021-02-22 12:08:58.857939,2.982e-05
2021-02-22 12:08:58.858327,3.143e-05
2021-02-22 12:08:58.858678,3.103e-05
2021-02-22 12:08:58.858989,2.982e-05
2021-02-22 12:08:58.859309,2.861e-05
2021-02-22 12:08:58.859622,2.861e-05
2021-02-22 12:08:58.859954,2.619e-05
2021-02-22 12:08:58.860539,2.538e-05
2021-02-22 12:08:58.861074,2.579e-05
2021-02-22 12:08:58.861542,2.941e-05
2021-02-22 12:08:58.862444,2.861e-05
2021-02-22 12:08:58.863233,2.901e-05
2021-02-22 12:08:58.863437,2.78e-05
2021-02-22 12:08:58.863692,2.861e-05
2021-02-22 12:08:58.863941,2.74e-05
2021-02-22 12:08:58.864100,2.901e-05
2021-02-22 12:08:58.864247,2.901e-05
2021-02-22 12:08:58.864461,2.579e-05
2021-02-22 12:08:58.864661,2.458e-05
2021-02-22 12:08:58.864903,2.78e-05
2021-02-22 12:08:58.865310,2.861e-05
2021-02-22 12:08:58.887549,2.941e-05
2021-02-22 12:08:58.888003,2.498e-05
2021-02-22 12:08:58.888548,3.143e-05
2021-02-22 12:08:58.889324,2.982e-05
2021-02-22 12:08:58.889977,2.982e-05
2021-02-22 12:08:58.890448,3.103e-05
2021-02-22 12:08:58.891250,2.821e-05
2021-02-22 12:08:58.891956,2.982e-05
2021-02-22 12:08:58.892547,3.103e-05
2021-02-22 12:08:58.893067,2.941e-05
2021-02-22 12:08:58.893534,2.619e-05
2021-02-22 12:08:58.894105,2.74e-05
2021-02-22 12:08:58.894778,3.183e-05
2021-02-22 12:08:58.895127,3.385e-05
2021-02-22 12:08:58.895530,3.143e-05
2021-02-22 12:08:58.895896,2.901e-05
2021-02-22 12:08:58.896251,2.498e-05
2021-02-22 12:08:58.896607,2.619e-05
2021-02-22 12:08:58.896921,3.022e-05
2021-02-22 12:08:58.897377,2.941e-05
2021-02-22 12:08:58.897715,2.861e-05
2021-02-22 12:08:58.897927,3.062e-05
2021-02-22 12:08:58.898142,2.861e-05
2021-02-22 12:08:58.898325,2.458e-05
2021-02-22 12:08:58.898519,2.297e-05
2021-02-22 12:08:58.898696,2.861e-05
